0 0
1 0
2 0
3 0
4 1
5 1
6 2
7 0
8 0
9 2
10 0
11 2
12 1
13 0
14 2
15 2
16 2
17 0
18 2
19 1
20 1
21 1
22 1
23 2
24 0
25 1
26 0
27 1
28 0
29 0
30 1
31 2
32 0
33 0
34 0
35 2
36 1
37 0
38 1
39 2
40 2
41 2
42 2
43 2
44 2
45 1
46 0
47 2
48 0
49 0
50 1
51 2
52 0
53 2
54 1
55 2
56 0
57 2
58 1
59 2
60 0
61 1
62 2
63 0
64 1
65 2
66 2
67 0
68 1
69 2
70 1
71 0
72 2
73 1
74 0
75 0
76 0
77 2
78 1
79 0
80 0
81 2
82 0
83 1
84 0
85 0
86 1
87 0
88 1
89 0
90 1
91 1
92 0
93 1
94 1
95 1
96 2
97 2
98 0
99 0
100 0
101 1
102 0
103 0
104 2
105 2
106 0
107 1
108 0
109 0
110 1
111 2
112 0
113 1
114 0
115 0
116 1
117 0
118 1
119 1
120 2
121 2
122 0
123 1
124 2
125 1
126 2
127 1
128 2
129 1
130 2
131 1
132 2
133 0
134 0
135 1
136 1
137 0
138 0
139 1
140 2
141 2
142 0
143 1
144 2
145 2
146 2
147 0
148 2
149 2
150 1
151 2
152 2
153 1
154 1
155 1
156 1
157 1
158 2
159 2
160 1
161 0
162 1
163 0
164 2
165 1
166 1
167 1
168 1
169 1
170 1
171 0
172 0
173 2
174 2
175 0
176 1
177 2
178 2
179 1
180 0
181 1
182 2
183 2
184 1
185 2
186 2
187 1
188 0
189 1
190 2
191 2
192 0
193 0
194 0
195 2
196 0
197 0
198 2
199 0
200 1
201 0
202 2
203 0
204 1
205 2
206 0
207 1
208 2
209 2
210 1
211 2
212 2
213 0
214 1
215 1
216 0
217 1
218 0
219 1
220 0
221 1
222 1
223 1
224 2
225 2
226 2
227 0
228 2
229 0
230 0
231 2
232 2
233 1
234 1
235 2
236 0
237 2
238 0
239 2
240 0
241 0
242 2
243 2
244 2
245 2
246 2
247 2
248 2
249 0
250 2
251 2
252 1
253 1
254 1
255 1
256 2
257 0
258 2
259 0
260 1
261 0
262 2
263 1
264 1
265 0
266 1
267 0
268 1
269 0
270 1
271 2
272 0
273 2
274 1
275 1
276 0
277 0
278 1
279 1
280 2
281 2
282 2
283 2
284 1
285 1
286 2
287 1
288 1
289 0
290 1
291 0
292 2
293 0
294 1
295 0
296 0
297 0
298 1
299 0
